Car -1 -1 -4.4826 885.1035 167.0447 916.1395 184.7437 1.6033 1.7391 4.4569 27.2704 1.0768 67.6863 -4.1013 0.1026
Car -1 -1 -7.5252 885.3642 168.4099 916.9769 184.7660 1.4779 1.6129 3.7409 27.0931 1.0761 67.1424 -7.1434 0.1067
Car -1 -1 -7.5489 885.1290 168.3031 915.9156 184.6282 1.4765 1.6054 3.7820 27.0688 1.0646 67.2295 -7.1678 0.1569
Car -1 -1 -7.6079 885.0045 168.1927 914.0873 184.7303 1.4984 1.6365 3.8656 27.0563 1.0758 67.4210 -7.2280 0.1897
Car -1 -1 -7.6212 885.1181 168.2049 913.7961 184.8268 1.5068 1.6343 3.9290 27.0742 1.0850 67.4846 -7.2414 0.2142
Car -1 -1 -4.4968 884.6157 167.9174 913.8157 185.2211 1.5679 1.6888 4.1912 27.0962 1.1203 67.5882 -4.1172 0.1971
Car -1 -1 -4.5071 884.2576 167.5728 913.9037 184.8327 1.5641 1.7254 4.4197 27.1324 1.0852 67.7037 -4.1276 0.1486
Car -1 -1 -4.5626 884.2796 166.8352 911.4741 184.8516 1.6374 1.7249 4.5773 27.1332 1.0901 67.9859 -4.1846 0.1263
Car -1 -1 -7.6037 884.7253 169.0227 912.9907 185.2024 1.4618 1.6137 3.5673 26.8630 1.1154 67.1065 -7.2246 0.1623
Car -1 -1 -7.6191 884.3672 168.6466 912.0098 184.9906 1.4793 1.5979 3.6322 26.8595 1.0982 67.2517 -7.2408 0.1944
Car -1 -1 -7.6681 884.9799 168.9851 910.6990 185.1488 1.4655 1.5887 3.6628 26.8834 1.1144 67.3920 -7.2903 0.2193
Car -1 -1 -7.6782 884.9380 168.8826 910.4383 185.1145 1.4721 1.5967 3.7089 26.8861 1.1116 67.4330 -7.3005 0.2337
Car -1 -1 -7.7037 884.7578 169.1543 909.8837 185.6172 1.4926 1.6270 3.8945 26.8834 1.1568 67.5082 -7.3265 0.3135
Car -1 -1 -7.7388 884.6614 168.6315 908.7106 185.2783 1.5107 1.6479 4.0608 26.8845 1.1272 67.6571 -7.3623 0.2460
Car -1 -1 -7.8144 884.7911 167.8957 906.1580 185.3794 1.5886 1.7074 4.3562 26.8675 1.1378 67.8983 -7.4393 0.1895
Car -1 -1 -4.5470 883.6130 168.6725 908.9014 185.1786 1.4895 1.6194 3.6129 26.6107 1.1119 67.0783 -4.1710 0.1118
Car -1 -1 -4.5625 883.4153 168.9259 907.9211 185.1546 1.4684 1.6079 3.6216 26.6261 1.1127 67.2553 -4.1872 0.1463
Car -1 -1 -7.7234 883.9577 168.8722 907.4624 185.1975 1.4799 1.5913 3.6090 26.6760 1.1186 67.3721 -7.3481 0.1761
Car -1 -1 -7.7530 884.1667 168.9650 906.6503 185.2224 1.4743 1.6004 3.6587 26.6689 1.1213 67.4248 -7.3780 0.1801
Car -1 -1 -7.8372 885.2260 169.1721 904.1777 185.6398 1.4942 1.5945 3.8114 26.6463 1.1598 67.5359 -7.4631 0.2106
Car -1 -1 -7.8878 884.0855 168.7300 904.3628 185.3595 1.5099 1.6237 3.9784 26.6002 1.1351 67.6573 -7.5149 0.1555
Car -1 -1 -4.9237 878.0202 168.8397 905.1760 185.5412 1.5179 1.5871 3.8501 26.3239 1.1527 67.6009 -4.5541 0.1173
Pedestrian -1 -1 -7.9666 1219.0110 171.3548 1241.0000 226.4418 1.6999 0.6191 0.4384 19.4783 1.6533 22.6201 -7.2626 0.1696
Pedestrian -1 -1 -7.9368 1220.0880 171.7047 1241.0000 226.7127 1.6959 0.6151 0.4372 19.4875 1.6602 22.6025 -7.2322 0.1708
Pedestrian -1 -1 -8.1377 1215.4993 172.5553 1241.0000 226.4760 1.6751 0.5871 0.4206 19.4678 1.6655 22.7266 -7.4362 0.1226
Pedestrian -1 -1 -8.2636 1214.3939 173.3052 1241.0000 226.1514 1.6460 0.6002 0.3859 19.4671 1.6601 22.7496 -7.5626 0.1221
Pedestrian -1 -1 -8.0187 1076.8632 173.8458 1102.3927 222.5620 1.6482 0.6542 0.4988 16.4229 1.6825 24.7865 -7.4395 0.1068
Pedestrian -1 -1 -8.1707 1071.7052 174.4197 1099.8110 223.4065 1.6588 0.6672 0.5456 16.3017 1.7131 24.8048 -7.5953 0.1230
Pedestrian -1 -1 -8.4245 1071.5780 174.9578 1100.1616 223.1144 1.6376 0.6622 0.4856 16.3056 1.7103 24.8021 -7.8488 0.1320
Car -1 -1 -7.7232 830.2555 168.8671 862.4985 194.0469 1.6522 1.6166 3.8804 16.1970 1.3903 49.4430 -7.4087 0.1148
Car -1 -1 -7.6715 828.1350 168.8720 863.3497 194.1057 1.6563 1.6015 4.0303 16.1796 1.3947 49.5147 -7.3578 0.1013
Car -1 -1 -7.6981 828.6682 168.4841 862.6697 193.9168 1.6715 1.6209 4.0578 16.2019 1.3840 49.5982 -7.3845 0.1006
Car -1 -1 -7.6727 827.8133 167.9257 863.2888 192.9716 1.6493 1.6198 4.0972 16.2284 1.3245 49.7013 -7.3591 0.1261
Car -1 -1 -7.7120 828.5092 167.6965 862.4617 192.9442 1.6618 1.6549 4.2185 16.2412 1.3221 49.7507 -7.3985 0.1157
Car -1 -1 -7.7974 829.2239 168.5889 856.8022 194.0376 1.6698 1.5971 3.7230 15.9380 1.3896 49.3663 -7.4872 0.1103
Car -1 -1 -7.7805 829.1486 168.6573 857.2093 193.9219 1.6603 1.5680 3.7555 15.9777 1.3842 49.4523 -7.4701 0.1079
Car -1 -1 -7.7966 829.7502 167.9654 857.1400 193.7739 1.6966 1.5809 3.8184 16.0113 1.3750 49.4991 -7.4858 0.1164
Car -1 -1 -7.8008 829.5154 167.3087 856.7251 192.8717 1.6828 1.5850 3.8903 16.0215 1.3174 49.5977 -7.4904 0.1170
Car -1 -1 -4.4103 801.4816 174.4529 844.7410 198.3925 1.4484 1.5992 3.7725 13.5673 1.5543 45.9364 -4.1252 0.1009
Car -1 -1 -4.4054 800.4019 174.6166 842.8868 198.6109 1.4421 1.5578 3.6373 13.3721 1.5580 45.5971 -4.1223 0.1037
Car -1 -1 -4.4156 799.4528 174.4042 842.3946 198.6097 1.4589 1.6137 3.6812 13.3648 1.5611 45.7243 -4.1333 0.1447
Car -1 -1 -7.5753 799.4697 174.5362 841.6170 198.6753 1.4596 1.6144 3.7486 13.4008 1.5711 45.9257 -7.2935 0.1287
Car -1 -1 -7.7151 800.6675 174.5168 836.2419 198.4358 1.4483 1.6527 4.0425 13.3432 1.5594 46.1743 -7.4358 0.1060
Pedestrian -1 -1 -8.0780 952.1467 174.5183 973.4813 219.8192 1.6587 0.6029 0.5422 13.0412 1.7209 26.7741 -7.6297 0.1043
Car -1 -1 -4.7280 794.7604 174.4070 822.9589 198.4087 1.4637 1.6702 4.0909 12.7316 1.5681 46.4729 -4.4626 0.1010
Car -1 -1 -4.2545 744.9750 173.3991 791.7089 196.2735 1.5896 1.6083 4.2502 11.5085 1.6305 52.4084 -4.0399 0.1229
Car -1 -1 -4.0965 741.0793 174.2116 791.3489 196.3043 1.5338 1.6186 3.8780 11.3039 1.6354 52.2363 -3.8850 0.1488
Car -1 -1 -4.2722 744.8563 173.3401 790.2877 196.2905 1.5984 1.6156 4.1603 11.4681 1.6349 52.4843 -4.0586 0.1987
Car -1 -1 -4.2805 745.1015 173.3440 790.2678 196.2079 1.5952 1.6157 4.1922 11.5011 1.6321 52.5943 -4.0667 0.1673
Car -1 -1 -4.2617 744.2081 174.2484 789.7608 196.6955 1.5519 1.6242 4.0554 11.3706 1.6566 52.2420 -4.0490 0.2423
Car -1 -1 -4.3320 744.8406 173.9276 786.8505 196.4951 1.5647 1.6287 3.9633 11.3066 1.6454 52.3271 -4.1207 0.4075
Car -1 -1 -4.3344 744.7827 174.0106 785.8632 196.7196 1.5769 1.5803 3.9376 11.2818 1.6639 52.3901 -4.1238 0.5105
Car -1 -1 -4.3435 744.5235 173.8224 785.9000 196.8897 1.6036 1.6058 4.0195 11.2899 1.6765 52.4582 -4.1331 0.5370
Car -1 -1 -4.3469 744.0851 173.6561 785.5016 196.8526 1.6140 1.6136 4.0429 11.2663 1.6745 52.4880 -4.1370 0.5281
Car -1 -1 -4.3517 744.1694 173.6638 785.8275 196.6816 1.6036 1.6303 4.1064 11.3037 1.6647 52.5873 -4.1415 0.4363
Car -1 -1 -4.3561 743.6562 173.3082 786.2345 196.5013 1.6183 1.6505 4.2984 11.3254 1.6526 52.6905 -4.1459 0.2587
Car -1 -1 -4.2947 742.4435 173.9065 786.2598 196.5549 1.5637 1.6118 4.0109 11.1520 1.6425 52.1098 -4.0854 0.2160
Car -1 -1 -4.3622 743.5839 173.8367 783.7432 196.6283 1.5806 1.6002 3.9366 11.1450 1.6544 52.3114 -4.1538 0.4631
Car -1 -1 -4.3687 743.8683 173.6290 783.7714 196.3870 1.5817 1.5968 3.9678 11.1757 1.6400 52.3997 -4.1601 0.5173
Car -1 -1 -4.3665 744.0230 173.5760 783.9197 196.6513 1.6057 1.6034 3.9322 11.1932 1.6600 52.4330 -4.1577 0.5532
Car -1 -1 -4.3724 744.0616 173.7294 783.5816 196.7199 1.5991 1.6042 3.9048 11.1809 1.6649 52.4279 -4.1638 0.5334
Car -1 -1 -4.3802 743.3746 173.7909 783.2242 196.6976 1.5952 1.6259 4.0127 11.1733 1.6660 52.5618 -4.1722 0.4986
Car -1 -1 -4.4106 742.9921 173.6796 781.8622 196.6381 1.6020 1.6327 4.1230 11.1416 1.6645 52.7037 -4.2038 0.3050
Car -1 -1 -4.5341 744.5735 173.3375 778.4292 196.5753 1.6270 1.6810 4.4334 11.1368 1.6638 52.9876 -4.3284 0.1042
Car -1 -1 -4.3373 740.7177 173.8382 782.0422 196.6232 1.5750 1.6092 3.9046 10.9406 1.6487 52.1294 -4.1319 0.1907
Car -1 -1 -4.3490 741.0402 173.8624 782.0593 196.5304 1.5709 1.6072 3.9763 10.9899 1.6467 52.2994 -4.1434 0.2921
Car -1 -1 -4.3785 741.8279 173.9941 781.8057 196.7032 1.5753 1.6258 4.0012 11.0310 1.6611 52.3992 -4.1726 0.4011
Car -1 -1 -4.4055 741.8594 174.1672 780.5153 196.7752 1.5696 1.6240 4.0066 11.0037 1.6687 52.4862 -4.2004 0.2753
Car -1 -1 -6.5636 781.0623 176.2330 863.9298 208.0674 1.5033 1.6172 3.5493 10.2366 1.6710 35.0551 -6.2822 0.1100
Car -1 -1 -7.7480 790.6728 176.5728 832.4863 209.2057 1.5076 1.6279 3.6946 10.0054 1.7022 35.8106 -7.4782 0.1020
Car -1 -1 -7.8024 789.5703 176.1050 827.6820 208.8808 1.5196 1.6490 3.7091 9.8744 1.6900 35.8722 -7.5364 0.1358
Car -1 -1 -7.8081 788.8005 176.0336 826.8528 208.9588 1.5293 1.6691 3.7628 9.8582 1.6964 35.9551 -7.5431 0.1658
Car -1 -1 -7.8171 790.1083 176.8880 826.1584 209.3458 1.4958 1.5997 3.5291 9.7859 1.7056 35.6526 -7.5518 0.1895
Car -1 -1 -7.8272 789.3101 176.8407 824.6249 209.0179 1.4912 1.6093 3.5785 9.7869 1.6999 35.8660 -7.5634 0.3099
Car -1 -1 -7.8778 788.6201 176.2995 824.9465 208.6980 1.5077 1.6406 3.5871 9.7090 1.6882 35.9257 -7.6164 0.3907
Car -1 -1 -7.8690 788.1841 176.2213 823.9256 208.6839 1.5108 1.6340 3.5795 9.6763 1.6871 35.9161 -7.6084 0.3888
Car -1 -1 -7.8521 787.2919 176.2718 823.3538 208.7035 1.5100 1.6508 3.6316 9.6889 1.6894 35.9770 -7.5915 0.3318
Car -1 -1 -7.8556 787.5860 176.1257 823.5541 208.6474 1.5161 1.6480 3.7726 9.7218 1.6886 36.0799 -7.5949 0.2283
Car -1 -1 -7.8819 787.6613 177.1576 823.7576 209.3120 1.4797 1.6021 3.5703 9.5785 1.7034 35.6400 -7.6220 0.1302
Car -1 -1 -7.8886 786.5649 176.9692 823.0580 209.1929 1.4924 1.6067 3.6333 9.5940 1.7078 35.8658 -7.6298 0.2785
Car -1 -1 -7.8867 786.8757 176.1268 823.3478 208.7659 1.5196 1.6160 3.6043 9.6239 1.6910 35.9199 -7.6275 0.3633
Car -1 -1 -7.8807 787.3885 176.1624 823.4713 208.5989 1.5109 1.6198 3.6237 9.6499 1.6844 35.9562 -7.6210 0.3880
Car -1 -1 -7.8741 786.5055 176.2323 822.1341 208.7018 1.5139 1.6243 3.5812 9.6007 1.6911 35.9751 -7.6158 0.3680
Car -1 -1 -7.8932 785.0059 176.2880 821.8840 208.5229 1.5067 1.6207 3.6433 9.5871 1.6875 36.0953 -7.6361 0.2897
Car -1 -1 -7.9381 782.5446 176.0918 822.2888 208.6405 1.5158 1.6008 3.4901 9.4628 1.6846 35.8270 -7.6824 0.1153
Car -1 -1 -7.9355 781.9747 176.0117 821.5718 208.4959 1.5163 1.6011 3.5856 9.4637 1.6817 35.9546 -7.6807 0.1388
Cyclist -1 -1 -6.7426 849.7881 161.3165 911.8193 222.3741 1.9221 0.7017 1.7330 8.6315 1.5586 23.1554 -6.3905 0.1282
Pedestrian -1 -1 -8.2283 858.9332 163.7868 889.5807 223.6718 1.8942 0.6718 0.8141 8.4549 1.6071 23.2395 -7.8840 0.5452
Pedestrian -1 -1 -8.3142 858.1017 163.6423 889.8589 223.7031 1.8964 0.6545 0.8341 8.4445 1.6053 23.2350 -7.9702 0.5826
Cyclist -1 -1 -6.7137 847.0605 163.6897 908.0943 223.4444 1.8901 0.6328 1.7359 8.5488 1.5999 23.2096 -6.3655 0.1461
Pedestrian -1 -1 -8.2816 858.2367 164.4773 889.6061 223.4395 1.8708 0.6811 0.7930 8.4731 1.6047 23.3175 -7.9377 0.2699
Pedestrian -1 -1 -8.3942 856.5906 164.3035 890.3887 223.6117 1.8810 0.7169 0.7971 8.4696 1.6095 23.3449 -8.0508 0.2510
Pedestrian -1 -1 -5.0432 997.5116 160.0652 1054.8785 257.6999 1.8665 0.7332 0.8689 8.1677 1.6217 14.2866 -4.5334 0.3943
Pedestrian -1 -1 -4.3978 998.9080 160.6861 1051.7688 257.7573 1.8510 0.7033 0.7917 8.1703 1.6187 14.2858 -3.8878 0.3871
Pedestrian -1 -1 -5.1558 993.3768 161.7461 1053.2664 257.2527 1.8423 0.7290 0.8625 8.1606 1.6278 14.3720 -4.6488 0.3605
Pedestrian -1 -1 -4.2142 994.4509 162.4326 1050.9260 257.4631 1.8271 0.6913 0.7823 8.1649 1.6265 14.3743 -3.7071 0.3521
Pedestrian -1 -1 -8.2966 855.2099 165.2191 888.0881 225.2192 1.8935 0.6832 0.8741 8.3704 1.6523 23.2402 -7.9555 0.2668
Pedestrian -1 -1 -8.6884 854.2089 165.5982 889.7593 225.1644 1.8749 0.6650 0.8491 8.3860 1.6462 23.2428 -8.3468 0.2765
Cyclist -1 -1 -8.1120 850.1357 166.2975 891.0644 224.9940 1.8196 0.7908 1.8278 8.3444 1.6160 23.3105 -7.7728 0.1189
Cyclist -1 -1 -6.7224 843.0788 165.7567 909.1768 223.5466 1.8231 0.7325 1.8609 8.5010 1.5989 23.2129 -6.3761 0.1038
Car -1 -1 -7.9474 791.9033 178.6509 845.6653 219.8515 1.4587 1.6340 3.8579 8.0290 1.7011 28.1661 -7.6730 0.2368
Car -1 -1 -7.9767 787.3375 177.7008 845.5896 219.5039 1.4877 1.6785 4.0902 7.9730 1.6921 28.3232 -7.7056 0.4478
Car -1 -1 -7.9835 785.6577 177.8323 844.1058 219.6000 1.4912 1.6723 4.0482 7.9299 1.7014 28.3875 -7.7143 0.5386
Car -1 -1 -7.9784 786.5764 177.0710 844.7566 219.2673 1.5067 1.6670 4.1360 7.9524 1.6848 28.3633 -7.7083 0.5019
Car -1 -1 -7.9718 786.8987 176.7231 845.1212 219.1311 1.5165 1.6832 4.2742 7.9879 1.6808 28.4506 -7.7013 0.2768
Car -1 -1 -7.9968 786.8961 176.2219 846.4222 218.8139 1.5387 1.6411 4.3287 8.0751 1.6827 28.6738 -7.7255 0.1497
Pedestrian -1 -1 -4.8891 993.1832 154.9045 1042.2206 256.8448 1.9503 0.6799 0.9638 8.0467 1.6066 14.3693 -4.3880 0.1444
Pedestrian -1 -1 -4.5858 995.3533 155.5810 1038.7640 256.5977 1.9360 0.6584 0.8679 8.0600 1.6047 14.3732 -4.0841 0.1511
Car -1 -1 -7.9659 788.0004 178.7523 842.8756 219.6238 1.4488 1.6173 3.7964 7.8958 1.6951 28.1570 -7.6958 0.3966
Car -1 -1 -7.9697 786.7326 178.6703 842.3305 219.4324 1.4490 1.6291 3.8900 7.8927 1.6932 28.2802 -7.7008 0.6362
Car -1 -1 -7.9526 786.5364 178.1402 841.0103 219.5043 1.4742 1.6437 4.0152 7.8884 1.6973 28.3738 -7.6847 0.6110
Car -1 -1 -7.9629 786.5735 177.9400 841.9879 219.5443 1.4843 1.6399 4.0064 7.9050 1.6988 28.3656 -7.6944 0.5916
Car -1 -1 -7.9737 786.0368 177.4650 843.1000 219.4505 1.4968 1.6502 4.0660 7.9014 1.6912 28.3249 -7.7049 0.6020
Car -1 -1 -7.9739 785.5007 177.1513 842.3136 219.2791 1.5074 1.6452 4.0656 7.8930 1.6889 28.3854 -7.7059 0.5467
Car -1 -1 -7.9771 784.8414 176.0871 841.2924 218.6697 1.5373 1.6208 4.1534 7.9052 1.6746 28.5497 -7.7102 0.4765
Car -1 -1 -7.9816 783.1365 176.4349 840.6910 218.6636 1.5268 1.6279 4.4113 7.9158 1.6807 28.7736 -7.7163 0.1965
Car -1 -1 -7.9415 785.8919 178.5869 836.4276 218.9475 1.4381 1.5602 3.6890 7.7534 1.6775 28.2173 -7.6766 0.3109
Car -1 -1 -7.9909 783.8374 178.0357 840.6002 219.0231 1.4623 1.5996 3.8736 7.8008 1.6796 28.2781 -7.7249 0.3609
Car -1 -1 -7.9887 784.1753 178.1759 840.9905 219.0671 1.4606 1.6062 3.9407 7.8385 1.6847 28.3666 -7.7223 0.4753
Car -1 -1 -7.9712 784.3074 177.4738 839.7671 218.9393 1.4871 1.6108 4.0915 7.8523 1.6830 28.4969 -7.7056 0.3757
Car -1 -1 -7.9767 782.5790 177.2430 839.0084 218.5149 1.4809 1.6177 4.1916 7.8130 1.6675 28.5438 -7.7127 0.2095
Car -1 -1 -7.9333 809.4290 179.7067 879.1740 233.8317 1.4449 1.6671 3.8304 6.9419 1.6714 21.8338 -7.6301 0.1168
Car -1 -1 -7.9540 806.4962 179.5168 878.9925 233.3699 1.4454 1.6753 3.9148 6.9323 1.6672 21.9669 -7.6528 0.2009
Car -1 -1 -7.9361 807.8247 178.6209 877.8636 232.8696 1.4628 1.6659 4.0980 6.9777 1.6566 22.1012 -7.6348 0.1275
Car -1 -1 -7.9576 807.2831 180.0111 877.0105 234.1046 1.4474 1.5997 3.5685 6.8462 1.6814 21.7170 -7.6568 0.3470
Car -1 -1 -7.9616 804.9135 179.7584 874.8381 233.5568 1.4477 1.5986 3.6269 6.8167 1.6749 21.8436 -7.6636 0.7080
Car -1 -1 -7.9649 803.6129 179.3998 874.2369 233.4535 1.4563 1.6080 3.6249 6.7848 1.6716 21.8364 -7.6681 0.7698
Car -1 -1 -7.9557 803.5148 179.6171 873.2816 233.3122 1.4476 1.6175 3.6461 6.7853 1.6706 21.8868 -7.6595 0.7783
Car -1 -1 -7.9635 803.2489 179.7341 874.2974 233.4849 1.4439 1.6156 3.7271 6.7880 1.6710 21.8705 -7.6671 0.7521
Car -1 -1 -7.9531 803.5750 179.6554 874.1805 233.3456 1.4419 1.6306 3.8858 6.8181 1.6682 21.9664 -7.6566 0.5401
Car -1 -1 -7.9284 805.4213 179.1883 872.2087 233.0783 1.4563 1.6151 4.0366 6.8764 1.6693 22.1504 -7.6319 0.2514
Car -1 -1 -7.9897 801.4766 180.1385 873.5958 233.9570 1.4418 1.5736 3.4814 6.6934 1.6789 21.6727 -7.6946 0.2702
Car -1 -1 -7.9903 801.8852 180.1626 874.3271 233.4364 1.4344 1.5845 3.5514 6.7554 1.6741 21.8214 -7.6945 0.5986
Car -1 -1 -7.9596 804.2659 179.5754 873.6345 233.0050 1.4402 1.5959 3.5724 6.7878 1.6611 21.8343 -7.6627 0.7514
Car -1 -1 -7.9596 803.8739 179.8645 873.0018 233.1285 1.4375 1.5919 3.6023 6.7921 1.6686 21.8978 -7.6633 0.7605
Car -1 -1 -7.9676 802.1771 180.3690 873.0591 233.7504 1.4315 1.6023 3.6719 6.7479 1.6791 21.8489 -7.6725 0.8094
Car -1 -1 -7.9733 800.7690 180.0099 872.9014 233.5025 1.4369 1.6114 3.7845 6.7427 1.6739 21.9215 -7.6794 0.6485
Car -1 -1 -7.9664 798.4481 179.2220 869.9892 232.7114 1.4452 1.6117 3.9994 6.7171 1.6587 22.1089 -7.6759 0.1224
Car -1 -1 -8.0167 830.8251 178.9268 928.6273 252.5370 1.4794 1.5384 3.3013 6.0164 1.6332 16.5530 -7.6746 0.2469
Car -1 -1 -8.0026 830.6709 179.2582 924.7234 252.2757 1.4765 1.5164 3.3019 6.0159 1.6398 16.6653 -7.6626 0.2141
Car -1 -1 -7.9999 796.5659 180.1287 869.2889 233.2912 1.4262 1.5602 3.5194 6.5675 1.6636 21.7173 -7.7107 0.1149
Car -1 -1 -8.0073 796.2079 180.1746 870.1476 232.8772 1.4199 1.5659 3.6488 6.6222 1.6610 21.8845 -7.7179 0.1787
Car -1 -1 -8.0317 832.3326 178.6838 929.1699 253.0381 1.4900 1.5102 2.9246 5.9484 1.6338 16.2717 -7.6879 0.1282
Car -1 -1 -8.0186 828.8045 179.9608 922.8028 253.0750 1.4760 1.5061 2.9638 5.9096 1.6535 16.4645 -7.6805 0.8237
Car -1 -1 -8.0330 827.2878 180.0554 922.9576 253.4118 1.4765 1.4817 3.0930 5.8980 1.6572 16.4900 -7.6959 0.9439
Car -1 -1 -8.0175 828.6269 179.1389 920.3442 252.4133 1.4884 1.4687 2.9501 5.8983 1.6457 16.5070 -7.6808 0.9127
Car -1 -1 -8.0269 828.3464 179.1680 921.3970 252.5589 1.4854 1.4587 3.0010 5.8940 1.6433 16.4787 -7.6899 0.9063
Car -1 -1 -8.0296 827.9709 179.4386 923.2733 253.4563 1.4864 1.4627 3.1878 5.9037 1.6520 16.4816 -7.6921 0.8852
Car -1 -1 -8.0162 827.0199 180.2177 922.6518 253.4798 1.4683 1.4894 3.3970 5.9307 1.6561 16.6250 -7.6799 0.3369
Car -1 -1 -8.0249 825.0504 180.8009 919.8916 254.0625 1.4586 1.4734 3.0912 5.7935 1.6567 16.3671 -7.6912 0.2421
Car -1 -1 -8.0129 827.5217 180.3094 919.4017 253.6844 1.4728 1.4504 3.1357 5.8638 1.6602 16.4931 -7.6777 0.6483
Car -1 -1 -8.0171 828.3708 179.4270 921.8068 253.4572 1.4847 1.4595 3.1708 5.8853 1.6497 16.4585 -7.6802 0.8456
Car -1 -1 -8.0202 825.8420 179.4205 919.5687 252.9941 1.4815 1.4665 3.1699 5.8513 1.6468 16.5146 -7.6860 0.8285
Car -1 -1 -8.0355 822.7449 179.6167 918.3408 253.0545 1.4833 1.4621 3.2367 5.8280 1.6546 16.5976 -7.7041 0.4473
Car -1 -1 -8.4905 1022.6765 188.7380 1241.0000 374.0000 1.5068 1.7639 4.6778 4.4538 1.6572 4.4169 -7.7347 0.2406
Car -1 -1 -8.4900 1015.8680 189.3550 1241.0000 374.0000 1.5011 1.7427 4.4219 4.4772 1.6590 4.6284 -7.7535 0.7006
Car -1 -1 -8.4817 1008.3990 188.0826 1241.0000 374.0000 1.5053 1.7413 4.3020 4.4215 1.6510 4.6924 -7.7578 0.8173
Car -1 -1 -8.4567 1012.8283 189.2989 1241.0000 374.0000 1.4920 1.7320 4.2656 4.4355 1.6503 4.7386 -7.7358 0.8222
Car -1 -1 -8.4600 1008.8287 189.5043 1241.0000 374.0000 1.4854 1.7168 4.2122 4.4375 1.6466 4.8127 -7.7462 0.7485
Car -1 -1 -8.4548 1012.5427 190.6873 1241.0000 374.0000 1.4775 1.6731 4.1169 4.4857 1.6516 4.9161 -7.7455 0.5146
Car -1 -1 -8.4163 1009.3197 189.5821 1241.0000 374.0000 1.4729 1.6925 4.3049 4.5443 1.6427 5.0859 -7.7164 0.1507
Car -1 -1 -4.5667 669.6031 175.5003 706.1727 203.5041 1.5574 1.6073 3.8713 4.6043 1.7210 42.5954 -4.4602 0.1199
Car -1 -1 -4.4573 667.0751 175.7676 706.9460 203.2373 1.5459 1.5664 3.3398 4.5712 1.7260 42.8336 -4.3522 0.4131
Car -1 -1 -4.4728 667.3806 175.9250 705.8700 203.3061 1.5437 1.5359 3.3274 4.5564 1.7339 42.9151 -4.3682 0.7818
Car -1 -1 -4.4580 665.9279 176.2746 705.3792 203.4207 1.5275 1.5323 3.4042 4.5018 1.7396 42.9324 -4.3547 0.7589
Car -1 -1 -4.4573 665.7638 176.0473 705.0798 203.2908 1.5359 1.5212 3.4186 4.4934 1.7341 42.9829 -4.3544 0.7446
Car -1 -1 -4.4540 665.9999 176.0663 705.5450 203.2423 1.5334 1.5072 3.5041 4.5245 1.7333 43.0680 -4.3505 0.7053
Car -1 -1 -4.4589 665.8936 175.9041 706.3599 203.2052 1.5404 1.5273 3.7280 4.5609 1.7312 43.1752 -4.3549 0.3669
Car -1 -1 -8.4847 1019.2189 189.6523 1241.0000 374.0000 1.5003 1.7127 4.5560 4.3434 1.6567 4.3697 -7.7364 0.2598
Car -1 -1 -8.4901 1006.2435 190.7926 1241.0000 374.0000 1.5003 1.7180 4.5153 4.3708 1.6714 4.5672 -7.7593 0.5644
Car -1 -1 -8.4672 1003.7244 189.7412 1241.0000 374.0000 1.4975 1.7352 4.3510 4.3835 1.6604 4.7175 -7.7501 0.7947
Car -1 -1 -8.4703 1010.0533 190.5005 1241.0000 374.0000 1.4942 1.7310 4.3141 4.4449 1.6646 4.7418 -7.7487 0.8390
Car -1 -1 -8.4525 1023.5658 189.4488 1241.0000 374.0000 1.4940 1.7061 4.2044 4.4494 1.6516 4.6708 -7.7233 0.7584
Car -1 -1 -8.4465 1023.7712 192.3369 1241.0000 374.0000 1.4777 1.7044 4.1224 4.4542 1.6629 4.7151 -7.7213 0.7531
Car -1 -1 -8.4463 1020.4003 191.8896 1241.0000 374.0000 1.4837 1.6429 3.9527 4.4390 1.6652 4.8284 -7.7338 0.7420
Car -1 -1 -8.4386 1010.1259 191.4424 1241.0000 374.0000 1.4743 1.6324 3.9458 4.4575 1.6562 5.0239 -7.7425 0.5042
Car -1 -1 -4.6146 666.7776 175.9850 700.3683 203.6265 1.5356 1.6147 3.7902 4.3428 1.7287 42.5572 -4.5141 0.2321
Car -1 -1 -4.4992 665.7476 176.1741 703.4148 203.1849 1.5199 1.5951 3.1544 4.4183 1.7245 42.7769 -4.3975 0.6035
Car -1 -1 -4.5052 666.5571 176.4707 703.4888 203.3620 1.5155 1.5646 3.1979 4.4572 1.7390 42.8971 -4.4028 0.7865
Car -1 -1 -4.4742 665.9926 176.5079 704.2997 203.2595 1.5056 1.5439 3.2634 4.4655 1.7317 42.8963 -4.3717 0.8283
Car -1 -1 -4.4762 666.1913 176.4919 704.5620 203.3329 1.5108 1.5471 3.2930 4.4815 1.7360 42.9135 -4.3733 0.8336
Car -1 -1 -4.4931 665.7871 176.3517 704.0378 203.1748 1.5106 1.5682 3.4066 4.4632 1.7277 42.9847 -4.3908 0.8063
Car -1 -1 -4.5145 665.4045 176.4092 703.4659 203.3527 1.5164 1.5912 3.5867 4.4465 1.7379 43.0714 -4.4128 0.4932
Car -1 -1 -4.5627 664.3757 176.1500 700.5733 203.1545 1.5175 1.5800 4.0278 4.3492 1.7244 43.2167 -4.4636 0.1966
Car -1 -1 -8.4719 1008.1928 196.9523 1241.0000 374.0000 1.4594 1.7119 4.2669 4.2749 1.6837 4.5111 -7.7465 0.2321
Car -1 -1 -8.4793 1005.8055 193.0770 1241.0000 374.0000 1.4756 1.7208 4.2347 4.3380 1.6664 4.6302 -7.7587 0.4735
Car -1 -1 -8.4559 1016.8354 193.4107 1241.0000 374.0000 1.4625 1.6942 4.0646 4.3376 1.6541 4.6168 -7.7339 0.4602
Car -1 -1 -8.4448 1006.7621 192.7574 1241.0000 374.0000 1.4652 1.6939 4.1430 4.3198 1.6547 4.7207 -7.7353 0.2721
Car -1 -1 -4.5509 664.6568 176.2883 700.6444 203.3610 1.5185 1.6236 3.2451 4.2970 1.7299 42.6977 -4.4518 0.2075
Car -1 -1 -4.5176 664.0652 176.4581 701.0084 203.3977 1.5149 1.5811 3.2939 4.3075 1.7377 42.8625 -4.4186 0.2444
Car -1 -1 -4.5559 664.9164 176.4641 700.0099 203.3327 1.5136 1.5753 3.3968 4.3160 1.7376 42.9840 -4.4570 0.2005
Car -1 -1 -4.6124 664.2396 176.7363 697.0775 203.3474 1.4980 1.6051 3.6248 4.2232 1.7401 43.1155 -4.5159 0.1252
Car -1 -1 -4.4572 628.8043 178.5688 677.8825 211.1294 1.5099 1.5666 3.7467 2.1865 1.8123 36.1935 -4.3979 0.1239
Car -1 -1 -4.4742 629.2495 178.5529 676.6354 211.1077 1.5162 1.5392 3.7785 2.1752 1.8190 36.3480 -4.4155 0.1212
Car -1 -1 -4.5045 627.3815 179.0518 673.3796 211.2822 1.4832 1.5544 3.7523 2.0254 1.8093 35.9917 -4.4494 0.1729
Car -1 -1 -4.5541 627.8099 178.2577 670.6267 210.9753 1.5196 1.5696 3.8075 1.9784 1.8057 36.2089 -4.5005 0.3193
Car -1 -1 -4.5487 627.2532 178.4805 670.4214 210.9942 1.5117 1.5709 3.8205 1.9639 1.8102 36.2858 -4.4957 0.4261
Car -1 -1 -4.5557 627.6512 178.4935 669.8024 211.1117 1.5186 1.5442 3.8382 1.9603 1.8182 36.3347 -4.5028 0.4427
Car -1 -1 -4.5509 627.6031 178.5135 670.3284 211.2688 1.5245 1.5488 3.8936 1.9752 1.8256 36.3631 -4.4976 0.3953
Car -1 -1 -4.5255 627.5291 178.2554 672.0288 210.5183 1.5027 1.5361 3.9734 2.0221 1.7909 36.4261 -4.4711 0.3427
Car -1 -1 -4.5287 626.9086 178.7037 672.9006 210.7195 1.4877 1.5871 4.2292 2.0432 1.8022 36.5887 -4.4740 0.1001
Car -1 -1 -4.5711 625.0931 178.4402 668.2069 211.5749 1.5170 1.6255 3.7278 1.8224 1.8084 35.6874 -4.5211 0.1370
Car -1 -1 -4.5788 625.7469 178.7182 666.9899 211.5198 1.5144 1.5803 3.6953 1.8208 1.8224 35.9736 -4.5292 0.2865
Car -1 -1 -4.5843 626.1284 178.4947 667.0757 211.1190 1.5154 1.5838 3.8152 1.8472 1.8142 36.2318 -4.5343 0.4626
Car -1 -1 -4.5885 626.8277 178.3833 667.4572 211.1344 1.5229 1.5778 3.8837 1.8782 1.8164 36.2924 -4.5378 0.5007
Car -1 -1 -4.5805 626.6143 178.3535 667.7936 211.2114 1.5289 1.5780 3.8793 1.8826 1.8210 36.3109 -4.5297 0.5183
Car -1 -1 -4.5800 626.0763 178.6839 667.4858 211.3484 1.5188 1.5857 3.9124 1.8643 1.8289 36.3550 -4.5297 0.5186
Car -1 -1 -4.5882 625.8585 178.1611 667.2469 210.5273 1.5052 1.6016 4.0316 1.8559 1.7881 36.3772 -4.5382 0.4711
Car -1 -1 -4.6044 625.5538 178.1491 666.1088 210.4126 1.5025 1.6101 4.2213 1.8297 1.7866 36.5389 -4.5553 0.2107
Car -1 -1 -4.6038 624.3181 178.1596 664.4831 210.8980 1.5203 1.6087 3.8581 1.7352 1.8011 36.1949 -4.5569 0.2315
Car -1 -1 -4.6040 624.3195 178.6938 664.3344 211.5269 1.5254 1.6004 3.9380 1.7388 1.8358 36.3268 -4.5571 0.2674
Car -1 -1 -4.6145 624.0684 178.6983 663.6651 211.4266 1.5215 1.6180 3.9739 1.7179 1.8327 36.3701 -4.5683 0.1472
Car -1 -1 -4.5159 599.7048 178.6779 655.0990 220.3473 1.5251 1.5453 3.6055 0.7129 1.7735 28.8758 -4.4922 0.1069
Car -1 -1 -4.5183 600.2145 178.8105 654.4110 220.3213 1.5279 1.5236 3.5581 0.7105 1.7827 29.0044 -4.4947 0.5854
Car -1 -1 -4.5298 599.8617 178.9956 652.9411 220.2915 1.5195 1.5179 3.5451 0.6729 1.7822 29.0018 -4.5076 0.6734
Car -1 -1 -4.5278 599.8088 178.7273 653.1079 220.2404 1.5300 1.5253 3.5189 0.6749 1.7811 29.0027 -4.5055 0.6900
Car -1 -1 -4.5435 600.5236 178.7478 652.5323 220.0165 1.5251 1.5284 3.5215 0.6786 1.7776 29.0744 -4.5211 0.7551
Car -1 -1 -4.5428 600.6387 178.7301 652.8704 220.1340 1.5297 1.5288 3.5666 0.6892 1.7817 29.0921 -4.5200 0.6846
Car -1 -1 -4.5481 601.0286 178.6376 653.4003 219.5944 1.5182 1.5472 3.6580 0.7132 1.7678 29.2360 -4.5246 0.4493
Car -1 -1 -4.5024 596.0488 178.6665 652.7283 220.7836 1.5454 1.5578 3.6091 0.5947 1.7938 28.9433 -4.4827 0.3530
Car -1 -1 -4.5126 598.5057 178.5297 653.9086 220.2201 1.5345 1.5533 3.5545 0.6665 1.7771 28.9803 -4.4905 0.6342
Car -1 -1 -4.5154 599.4352 178.4272 654.3843 220.0224 1.5329 1.5447 3.5601 0.6951 1.7714 29.0077 -4.4923 0.6745
Car -1 -1 -4.5347 599.8552 178.2807 653.2341 219.9639 1.5406 1.5471 3.5640 0.6809 1.7731 29.0620 -4.5122 0.7247
Car -1 -1 -4.5374 599.0176 178.5433 652.4644 220.1278 1.5370 1.5536 3.6170 0.6510 1.7814 29.1201 -4.5159 0.6662
Car -1 -1 -4.5283 596.6767 179.0760 652.3707 220.1373 1.5129 1.5779 3.8771 0.6119 1.7827 29.2663 -4.5082 0.2112
Car -1 -1 -4.4934 564.9162 177.3812 640.7025 231.3532 1.5830 1.6443 4.0467 -0.1887 1.7447 23.6738 -4.5021 0.1018
Car -1 -1 -4.5221 564.4332 176.5260 638.1163 230.3958 1.5872 1.6652 4.1649 -0.2379 1.7190 23.7571 -4.5328 0.1017
Pedestrian -1 -1 -4.9889 608.9382 171.0320 617.6971 192.9662 1.9109 0.5594 0.8419 0.2658 1.7519 63.3409 -4.9851 0.1373
Pedestrian -1 -1 -5.8685 607.4530 171.0658 619.1469 192.9314 1.9069 0.5081 0.8981 0.2666 1.7507 63.3402 -5.8647 0.1543
Car -1 -1 -4.4866 562.1589 177.7894 637.8236 230.8523 1.5551 1.6419 3.9048 -0.2844 1.7306 23.6156 -4.4993 0.5437
Car -1 -1 -4.5062 561.0068 177.6896 634.7839 230.8655 1.5619 1.6477 3.9248 -0.3540 1.7341 23.6553 -4.5218 0.8725
Car -1 -1 -4.5196 560.6332 177.7843 633.0922 230.9170 1.5613 1.6513 3.9351 -0.3887 1.7369 23.6699 -4.5366 0.8928
Car -1 -1 -4.5280 561.6937 177.8273 633.3925 230.8996 1.5579 1.6470 3.9883 -0.3657 1.7353 23.6785 -4.5440 0.8861
Car -1 -1 -4.5293 561.8356 178.1497 633.1210 230.7972 1.5460 1.6466 3.9518 -0.3694 1.7349 23.6934 -4.5455 0.8409
Car -1 -1 -4.5167 561.8133 177.9781 635.5583 230.5970 1.5445 1.6540 4.1447 -0.3242 1.7287 23.7925 -4.5309 0.4896
Car -1 -1 -4.4818 558.0891 177.5358 633.3777 230.6609 1.5464 1.6191 3.7622 -0.4228 1.7107 23.3658 -4.5005 0.1030
Car -1 -1 -4.5151 560.4849 177.6156 633.4962 230.8538 1.5630 1.6510 3.9293 -0.3836 1.7324 23.6362 -4.5319 0.8443
Car -1 -1 -4.5294 562.4769 177.3965 634.1351 230.7504 1.5694 1.6540 3.9717 -0.3411 1.7314 23.6776 -4.5444 0.9217
Car -1 -1 -4.5258 562.1225 177.7274 634.0975 230.8225 1.5600 1.6523 3.9683 -0.3474 1.7338 23.6808 -4.5411 0.9198
Car -1 -1 -4.5244 561.8278 177.6618 633.6784 230.8322 1.5624 1.6423 3.9701 -0.3592 1.7338 23.6774 -4.5402 0.9105
Car -1 -1 -4.5274 561.4340 177.9190 633.3749 230.9198 1.5563 1.6604 3.9441 -0.3709 1.7367 23.6680 -4.5437 0.9180
Car -1 -1 -4.5283 560.9001 177.8955 632.7924 230.6026 1.5479 1.6506 4.0318 -0.3880 1.7282 23.7222 -4.5452 0.8308
Car -1 -1 -4.5311 559.0294 178.0462 632.9075 230.2259 1.5360 1.7036 4.2720 -0.4122 1.7241 23.9332 -4.5489 0.3413
Car -1 -1 -4.5311 559.3989 177.9408 631.0114 230.5797 1.5426 1.6664 3.8820 -0.4431 1.7230 23.5904 -4.5505 0.4991
Car -1 -1 -4.5245 559.1549 177.7133 632.0551 230.4623 1.5521 1.6807 3.9740 -0.4291 1.7256 23.7175 -4.5432 0.6090
Car -1 -1 -4.5304 556.8175 177.4277 630.4033 230.4802 1.5583 1.6833 4.2411 -0.4885 1.7230 23.8057 -4.5514 0.1130
Car -1 -1 -4.3658 362.4002 185.6355 550.7580 300.6044 1.4627 1.7000 3.9463 -2.3105 1.7070 11.7235 -4.5572 0.4913
Car -1 -1 -4.3656 361.7728 185.2511 547.9582 299.2208 1.4662 1.6878 3.9383 -2.3593 1.7044 11.8084 -4.5596 0.8965
Car -1 -1 -4.3662 359.6586 185.1735 547.0673 299.2195 1.4610 1.6884 3.9739 -2.3749 1.6976 11.7861 -4.5618 0.9040
Car -1 -1 -4.3742 360.3175 184.6770 547.9736 298.4464 1.4630 1.6932 4.1091 -2.3727 1.6927 11.8812 -4.5681 0.7300
Car -1 -1 -4.3369 347.4643 185.3756 548.1507 303.5842 1.4603 1.6542 4.2036 -2.3941 1.6997 11.5965 -4.5370 0.1842
Car -1 -1 -4.3579 356.5453 185.0786 548.1255 300.1481 1.4623 1.6720 4.1246 -2.3803 1.6987 11.7988 -4.5537 0.9116
Car -1 -1 -4.3743 360.2226 186.3304 545.0530 299.8407 1.4521 1.6793 3.9687 -2.3937 1.7113 11.8080 -4.5710 0.9565
Car -1 -1 -4.3736 360.4498 184.8543 545.5236 298.5569 1.4662 1.6832 3.9844 -2.3933 1.6976 11.8375 -4.5698 0.9483
Car -1 -1 -4.3735 358.4094 185.1273 543.0747 298.7108 1.4619 1.6744 3.9695 -2.4269 1.6980 11.8185 -4.5727 0.9645
Car -1 -1 -4.3683 358.7439 184.9410 545.2397 298.4540 1.4618 1.6846 3.9944 -2.4078 1.6949 11.8375 -4.5656 0.9535
Car -1 -1 -4.3783 362.2446 185.3562 542.9360 297.3095 1.4456 1.6357 3.9723 -2.4100 1.6868 11.8605 -4.5754 0.9628
Car -1 -1 -4.3691 360.1345 185.1877 548.2081 297.1205 1.4375 1.6467 4.2835 -2.3867 1.6806 12.0008 -4.5622 0.5068
Car -1 -1 -4.3845 351.0355 186.5090 539.1939 300.0449 1.4325 1.7137 4.0210 -2.4842 1.6935 11.7090 -4.5901 0.5121
Car -1 -1 -4.3766 357.7534 185.5498 545.6547 298.9827 1.4496 1.7189 4.0067 -2.3996 1.6939 11.7944 -4.5740 0.8993
Car -1 -1 -4.3607 357.6754 184.9181 546.4002 297.9145 1.4593 1.7067 3.9961 -2.4133 1.6928 11.8737 -4.5580 0.9252
Car -1 -1 -4.3753 356.3152 184.5738 545.3174 298.0126 1.4571 1.7057 4.1371 -2.4236 1.6850 11.8825 -4.5732 0.7587
Car -1 -1 -4.4848 549.0295 177.7947 583.6626 199.6656 1.4902 1.6159 4.1411 -3.1500 1.8631 52.3229 -4.5451 0.1180
Car -1 -1 -4.5270 546.9570 177.7885 579.3755 199.6052 1.4900 1.6269 4.0695 -3.3853 1.8622 52.3545 -4.5917 0.1105
Car -1 -1 -4.5788 548.9055 178.0230 578.8571 200.1709 1.5128 1.6379 4.1216 -3.3369 1.9029 52.3841 -4.6426 0.1235
Car -1 -1 -4.5693 548.2777 178.0563 578.8959 200.0549 1.5037 1.6421 4.2066 -3.3643 1.8975 52.5033 -4.6334 0.1061
Cyclist -1 -1 -6.0148 258.0404 176.1329 328.6132 235.2989 1.7264 0.6291 1.8282 -9.4823 1.8260 21.5429 -6.4253 0.1028
Pedestrian -1 -1 -3.6601 274.2867 168.1364 312.4677 233.2916 1.8956 0.6190 0.8477 -9.4867 1.7580 21.5165 -4.0712 0.1189
Cyclist -1 -1 -5.9909 251.4058 171.6132 325.0135 233.0445 1.7925 0.6901 1.8856 -9.6198 1.7560 21.5127 -6.4072 0.1431
Cyclist -1 -1 -2.8420 248.8212 173.0145 321.6204 232.0264 1.7202 0.6951 1.8549 -9.6998 1.7248 21.4914 -3.2617 0.1203
Pedestrian -1 -1 -3.4239 20.6348 156.9109 82.3619 259.5595 1.9066 0.5517 0.8212 -10.8029 1.6102 13.8963 -4.0756 0.2045
Pedestrian -1 -1 -6.3533 24.2556 157.2281 77.0220 259.5073 1.9034 0.5290 0.7704 -10.8127 1.6123 13.8811 -7.0060 0.2315
Cyclist -1 -1 -6.1430 0.0000 161.2289 113.3849 259.4138 1.7899 0.5961 1.9179 -10.8011 1.5777 13.8834 -6.7950 0.1048
Pedestrian -1 -1 -6.1346 25.2144 159.1152 85.7139 260.2516 1.9025 0.5889 0.8524 -10.8213 1.6438 14.0357 -6.7824 0.1003
Pedestrian -1 -1 -3.6238 0.0000 162.1370 70.0923 262.6996 1.8526 0.5977 0.8888 -11.0612 1.6549 13.8202 -4.2895 0.1010
Pedestrian -1 -1 -3.3830 3.9149 162.9137 65.2577 262.6166 1.8414 0.5557 0.8117 -11.0661 1.6575 13.8168 -4.0490 0.1236
Cyclist -1 -1 -3.0141 0.0000 166.1545 105.1501 260.1887 1.7098 0.6097 1.8516 -10.9006 1.5877 13.8508 -3.6717 0.1081
Pedestrian -1 -1 -5.9544 10.7678 156.2030 77.3836 258.9912 1.9453 0.5799 0.8806 -11.0712 1.6298 14.0717 -6.6120 0.1207
Pedestrian -1 -1 -5.1089 0.0000 169.7713 37.2611 260.9758 1.6731 0.5061 0.6952 -11.3408 1.6163 13.6232 -5.7936 0.1330
Pedestrian -1 -1 -5.2099 0.0000 169.0656 37.2248 261.3018 1.6962 0.4735 0.6817 -11.3401 1.6263 13.6172 -5.8948 0.1238
Pedestrian -1 -1 -5.0188 0.0000 169.9349 38.8771 261.5306 1.6924 0.5000 0.6334 -11.3385 1.6381 13.7145 -5.7002 0.1187
Pedestrian -1 -1 -8.1045 269.7401 177.0843 288.9877 219.2991 1.8030 0.6791 0.4062 -14.3679 1.9881 31.2623 -8.5324 0.1548
Pedestrian -1 -1 -7.8825 270.6063 177.0836 287.5507 219.1450 1.7999 0.6571 0.3867 -14.3799 1.9847 31.2591 -8.3108 0.2109
Pedestrian -1 -1 -7.8754 268.6035 178.8566 284.7719 219.4782 1.7306 0.6243 0.5863 -14.4841 1.9937 31.2581 -8.3064 0.2056
Pedestrian -1 -1 -7.9222 268.1305 178.8199 285.5396 219.3950 1.7295 0.6516 0.5174 -14.4735 1.9907 31.2503 -8.3530 0.2000
Pedestrian -1 -1 -2.9830 80.1196 179.6904 93.1994 204.1528 1.7994 0.5101 0.7158 -38.9620 2.3114 53.6819 -3.6086 0.1055
Car -1 -1 -4.5676 0.0000 188.2652 0.0951 214.9821 1.5616 1.6939 4.0476 -41.0542 2.6075 46.8249 -5.2848 0.1076
Car -1 -1 -4.6376 0.0000 188.2860 2.2834 214.2327 1.5316 1.6725 3.9563 -41.0052 2.5847 47.1619 -5.3506 0.1063
Car -1 -1 -4.6550 0.0000 189.1639 6.2295 214.6881 1.5098 1.6395 3.9546 -40.8740 2.6275 47.3933 -5.3640 0.1083
Car -1 -1 -4.6713 0.0000 188.9028 7.8046 214.3572 1.5135 1.6381 3.9714 -40.8817 2.6174 47.5769 -5.3785 0.1156
Car -1 -1 -4.4958 0.0000 189.7124 36.8413 214.5271 1.4863 1.6061 4.0342 -39.9284 2.6654 48.3165 -5.1839 0.1077
Car -1 -1 -2.4653 32.7982 180.0467 103.8728 203.7759 1.7265 1.6838 4.1040 -40.5013 2.2732 53.9624 -3.1070 0.1187
Car -1 -1 -2.4180 37.0031 180.2628 106.5831 203.8122 1.7168 1.6618 4.1309 -40.4519 2.2836 54.2344 -3.0567 0.1345
Car -1 -1 -2.1602 47.8741 179.9863 107.0718 203.6373 1.7106 1.6678 3.9901 -40.2719 2.2638 54.5324 -2.7941 0.1417
Car -1 -1 -7.6417 68.2617 179.9487 107.0264 203.4496 1.6904 1.6751 3.5753 -39.8394 2.2509 55.0646 -8.2659 0.1099
Car -1 -1 -1.9125 56.3895 180.3402 103.8453 203.3050 1.6479 1.6870 3.9332 -40.2527 2.2344 54.7545 -2.5443 0.1231
Car -1 -1 -4.8352 62.5743 180.2410 97.8915 204.5510 1.7394 1.6883 4.0545 -40.3827 2.3226 54.9319 -5.4670 0.1141
